LIT2
(  )
DUPk
( 64 00 )
JSI
( 64 00 00 00 )
LIT
( 64 00 00 00 )
DIV
( 64 00 00 00 0a )
JSI
( 64 00 00 00 )
LIT
( 64 00 00 00 )
ADD
( 64 00 00 00 30 )
LIT
( 64 00 00 30 )
DEO
( 64 00 00 30 18 )
0JMP2r
( 01 07 01 42 )
LIT
( 64 00 00 )
DIVk
( 64 00 00 0a )
MUL
( 64 00 00 0a 00 )
SUB
( 64 00 00 00 )
LIT
( 64 00 00 )
ADD
( 64 00 00 30 )
LIT
( 64 00 30 )
DEO
( 64 00 30 18 )
0JMP2r
( 01 07 )
LIT2
( 64 00 )
DEO
( 64 00 20 18 )
 DUP
( 64 00 )
LIT
( 64 00 00 )
JSI
( 64 00 00 03 )
DIVk
( 64 00 00 03 )
MUL
( 64 00 00 03 00 )
SUB
( 64 00 00 00 )
JMP2r
( 01 11 )
JCI
( 64 00 00 )
LIT2
( 64 00 )
JSI
( 64 00 01 59 )
LDAk
( 64 00 01 59 )
LIT
( 64 00 01 59 46 )
DEO
( 64 00 01 59 46 18 )
FINC2
( 64 00 01 59 )
LDAk
( 64 00 01 5a )
JCI
( 64 00 01 5a 69 )
LDAk
( 64 00 01 5a )
LIT
( 64 00 01 5a 69 )
DEO
( 64 00 01 5a 69 18 )
iINC2
( 64 00 01 5a )
LDAk
( 64 00 01 5b )
JCI
( 64 00 01 5b 7a )
LDAk
( 64 00 01 5b )
LIT
( 64 00 01 5b 7a )
DEO
( 64 00 01 5b 7a 18 )
zINC2
( 64 00 01 5b )
LDAk
( 64 00 01 5c )
JCI
( 64 00 01 5c 7a )
LDAk
( 64 00 01 5c )
LIT
( 64 00 01 5c 7a )
DEO
( 64 00 01 5c 7a 18 )
zINC2
( 64 00 01 5c )
LDAk
( 64 00 01 5d )
JCI
( 64 00 01 5d 00 )
POP2
( 64 00 01 5d )
JMP2r
( 01 1a )
DUP
( 64 00 )
LIT
( 64 00 00 )
JSI
( 64 00 00 05 )
DIVk
( 64 00 00 05 )
MUL
( 64 00 00 05 00 )
SUB
( 64 00 00 00 )
JMP2r
( 01 20 )
JCI
( 64 00 00 )
LIT2
( 64 00 )
JSI
( 64 00 01 5e )
LDAk
( 64 00 01 5e )
LIT
( 64 00 01 5e 42 )
DEO
( 64 00 01 5e 42 18 )
BINC2
( 64 00 01 5e )
LDAk
( 64 00 01 5f )
JCI
( 64 00 01 5f 75 )
LDAk
( 64 00 01 5f )
LIT
( 64 00 01 5f 75 )
DEO
( 64 00 01 5f 75 18 )
uINC2
( 64 00 01 5f )
LDAk
( 64 00 01 60 )
JCI
( 64 00 01 60 7a )
LDAk
( 64 00 01 60 )
LIT
( 64 00 01 60 7a )
DEO
( 64 00 01 60 7a 18 )
zINC2
( 64 00 01 60 )
LDAk
( 64 00 01 61 )
JCI
( 64 00 01 61 7a )
LDAk
( 64 00 01 61 )
LIT
( 64 00 01 61 7a )
DEO
( 64 00 01 61 7a 18 )
zINC2
( 64 00 01 61 )
LDAk
( 64 00 01 62 )
JCI
( 64 00 01 62 00 )
POP2
( 64 00 01 62 )
JMP2r
( 01 29 )
LIT2
( 64 00 )
DEO
( 64 00 0a 18 )

INC
( 64 00 )
GTHk
( 64 01 )
JCI
( 64 01 01 )
DUPk
( 64 01 )
JSI
( 64 01 01 01 )
LIT
( 64 01 01 01 )
DIV
( 64 01 01 01 0a )
JSI
( 64 01 01 00 )
LIT
( 64 01 01 00 )
ADD
( 64 01 01 00 30 )
LIT
( 64 01 01 30 )
DEO
( 64 01 01 30 18 )
0JMP2r
( 01 07 01 42 )
LIT